[gd_scene format=3 uid="uid://bje0iqdas4pl3"]

[ext_resource type="MeshLibrary" uid="uid://mk1nco4qttyk" path="res://levels/demo/mesh_libraries/industrial.tres" id="1_47d14"]
[ext_resource type="PackedScene" uid="uid://rddnr2hi8v6v" path="res://entities/player/player.tscn" id="2_6nm0p"]
[ext_resource type="PackedScene" uid="uid://bjwtrjohjmjwx" path="res://entities/interactables/coin/victory_coin.tscn" id="3_yyr53"]
[ext_resource type="PackedScene" uid="uid://bbgjegx1wbg25" path="res://entities/interactables/cardboard_box/box_a.tscn" id="4_10iag"]
[ext_resource type="PackedScene" uid="uid://dd4h2ax2t1yx5" path="res://entities/interactables/cardboard_box/box_b.tscn" id="5_m0lky"]
[ext_resource type="PackedScene" uid="uid://bokt3vvbvrlrb" path="res://entities/interactables/tin_can/tin_can.tscn" id="6_fi3w8"]
[ext_resource type="PackedScene" uid="uid://dvp1vjvq5rlwv" path="res://entities/interactables/door/door_unlocked.tscn" id="7_ilnhb"]
[ext_resource type="PackedScene" uid="uid://twyauynpesqb" path="res://entities/interactables/door/door_locked.tscn" id="8_70wx5"]
[ext_resource type="PackedScene" uid="uid://b6tkr0qka5gnq" path="res://entities/interactables/targets/round_target.tscn" id="9_o142x"]

[sub_resource type="ProceduralSkyMaterial" id="ProceduralSkyMaterial_rke5v"]
sky_horizon_color = Color(0.66224277, 0.6717428, 0.6867428, 1)
ground_horizon_color = Color(0.66224277, 0.6717428, 0.6867428, 1)

[sub_resource type="Sky" id="Sky_3g1wm"]
sky_material = SubResource("ProceduralSkyMaterial_rke5v")

[sub_resource type="Environment" id="Environment_lgejb"]
background_mode = 2
sky = SubResource("Sky_3g1wm")
tonemap_mode = 2
glow_enabled = true

[node name="MainLevel" type="Node3D" unique_id=1193448670]

[node name="Map" type="Node" parent="." unique_id=2060296006]

[node name="Environment" type="Node" parent="Map" unique_id=998249869]

[node name="WorldEnvironment" type="WorldEnvironment" parent="Map/Environment" unique_id=799127474]
environment = SubResource("Environment_lgejb")

[node name="DirectionalLight3D" type="DirectionalLight3D" parent="Map/Environment" unique_id=636396444]
transform = Transform3D(-0.8660254, -0.43301278, 0.25, 0, 0.49999997, 0.86602545, -0.50000006, 0.75, -0.43301266, 0, 0, 0)
shadow_enabled = true

[node name="GridMap" type="GridMap" parent="Map" unique_id=1002090364]
mesh_library = ExtResource("1_47d14")
data = {
"cells": PackedInt32Array(0, 3, 18, 2, 3, 18, 4, 3, 18, 6, 3, 18, 6, 5, 18, 4, 5, 18, 2, 5, 18, 0, 5, 18, 0, 1, 18, 2, 1, 18, 2, 0, 65, 0, 0, 65, 3, 1, 1441857, 65535, 1, 1048641, 65535, 3, 1048641, 65535, 5, 1048641, 4, 2, 65, 6, 2, 65, 7, 3, 1441857, 7, 5, 1441857, 6, 7, 1441810, 4, 7, 1441810, 2, 7, 1441810, 0, 7, 1441810, 0, 9, 655378, 2, 9, 655378, 4, 9, 655378, 6, 9, 655378, 6, 11, 655378, 4, 11, 655378, 2, 11, 655378, 0, 11, 655378, 0, 13, 655378, 2, 13, 655378, 4, 13, 655378, 6, 13, 655378, 8, 7, 655378, 8, 9, 655378, 8, 11, 655378, 8, 13, 655378, 8, 15, 655378, 10, 15, 655378, 10, 13, 655378, 10, 11, 655378, 10, 9, 655378, 10, 7, 655378, 12, 7, 655378, 12, 9, 655378, 12, 11, 655378, 12, 13, 655378, 12, 15, 655378, 6, 15, 655378, 4, 15, 655378, 2, 15, 655378, 0, 15, 655378, 65534, 7, 655378, 65534, 9, 655378, 65534, 11, 655378, 65534, 13, 655378, 65534, 15, 655378, 65532, 7, 655378, 65532, 9, 655378, 65532, 11, 655378, 65532, 13, 655378, 65532, 15, 655378, 65532, 17, 655378, 65534, 17, 655378, 0, 17, 655378, 2, 17, 655378, 4, 17, 655378, 6, 17, 655378, 8, 17, 655378, 10, 17, 655378, 12, 17, 655378, 12, 19, 655378, 10, 19, 655378, 8, 19, 655378, 6, 19, 655378, 4, 19, 655378, 2, 19, 655378, 0, 19, 655378, 65534, 19, 655378, 65532, 19, 655378, 8, 6, 65, 10, 6, 65, 12, 6, 65, 13, 7, 1441857, 13, 9, 1441857, 13, 11, 1441857, 13, 13, 1441857, 13, 15, 1441857, 13, 17, 1441857, 13, 19, 1441857, 12, 20, 655425, 10, 20, 655425, 8, 20, 655425, 6, 20, 655425, 4, 20, 655425, 2, 20, 655425, 0, 20, 655425, 65534, 20, 655425, 65532, 20, 655425, 65531, 19, 1048641, 65531, 17, 1048641, 65531, 15, 1048641, 65531, 13, 1048641, 65531, 11, 1048641, 65531, 9, 1048641, 65531, 7, 1048641, 65532, 6, 65, 65534, 6, 65, 196606, 6, 65, 196604, 6, 65, 196607, 1, 1048641, 196607, 3, 1048641, 196607, 5, 1048641, 196603, 7, 1048641, 196603, 9, 1048641, 196603, 11, 1048641, 196603, 13, 1048641, 196603, 15, 1048641, 196603, 17, 1048641, 196603, 19, 1048641, 196604, 20, 655425, 196606, 20, 655425, 131072, 20, 655425, 131074, 20, 655425, 131084, 20, 655425, 131082, 20, 655425, 131080, 20, 655425, 131078, 20, 655425, 131076, 20, 655425, 131085, 19, 1441857, 131085, 17, 1441857, 131085, 15, 1441857, 131085, 13, 1441857, 131085, 11, 1441857, 131085, 9, 1441857, 131085, 7, 1441857, 131084, 6, 65, 131082, 6, 65, 131080, 6, 65, 131078, 2, 65, 131076, 2, 65, 131074, 0, 65, 131072, 0, 65, 131079, 3, 1441857, 131079, 5, 1441857, 131075, 1, 1441857, 327675, 7, 1048641, 327675, 9, 1048641, 327675, 11, 1048641, 327675, 13, 1048641, 327675, 15, 1048641, 327675, 17, 1048641, 327675, 19, 1048641, 327676, 6, 65, 327676, 20, 655425, 327678, 6, 65, 327678, 20, 655425, 327679, 1, 1048641, 327679, 3, 1048641, 327679, 5, 1048641, 262144, 0, 65, 262144, 20, 655425, 262146, 0, 65, 262146, 20, 655425, 262147, 1, 1441857, 262148, 2, 65, 262148, 20, 655425, 262150, 2, 65, 262150, 20, 655425, 262151, 3, 1441857, 262151, 5, 1441857, 262152, 6, 65, 262152, 20, 655425, 262154, 6, 65, 262154, 20, 655425, 262156, 6, 65, 262156, 20, 655425, 262157, 7, 1441857, 262157, 9, 1441857, 262157, 11, 1441857, 262157, 13, 1441857, 262157, 15, 1441857, 262157, 17, 1441857, 262157, 19, 1441857, 3, 7, 1441857, 3, 9, 1441857, 3, 11, 1441857, 3, 15, 1441857, 3, 17, 1441857, 3, 19, 1441857, 131075, 7, 1441857, 131075, 9, 1441857, 131075, 11, 1441857, 131075, 15, 1441857, 131075, 17, 1441857, 131075, 19, 1441857, 262147, 7, 1441857, 262147, 9, 1441857, 262147, 11, 1441857, 262147, 15, 1441857, 262147, 17, 1441857, 262147, 19, 1441857, 262147, 13, 1441857, 131075, 13, 1441857, 3, 13, 1441859, 262146, 6, 65, 262144, 6, 65, 262148, 6, 65, 262150, 6, 65, 131078, 6, 65, 131076, 6, 65, 131074, 6, 65, 131072, 6, 65, 0, 6, 65, 2, 6, 65, 4, 6, 65, 6, 6, 67)
}
metadata/_editor_floor_ = Vector3(0, 0, 0)

[node name="Entities" type="Node" parent="." unique_id=1818114904]

[node name="Player" parent="Entities" unique_id=418510005 instance=ExtResource("2_6nm0p")]
transform = Transform3D(-0.8004385, 0, 0.5994148, 0, 1, 0, -0.5994148, 0, -0.8004385, 4.7195873, 1.5235455, 16.92626)

[node name="VictoryCoin" parent="Entities" unique_id=742882556 instance=ExtResource("3_yyr53")]
transform = Transform3D(1, 0, 0, 0, 1, 0, 0, 0, 1, 2.9794402, 1.9999999, 5.0219235)

[node name="Boxes" type="Node" parent="Entities" unique_id=567801651]

[node name="BoxA" parent="Entities/Boxes" unique_id=583171969 instance=ExtResource("4_10iag")]
transform = Transform3D(1, 0, 0, 0, 1, 0, 0, 0, 1, -1.7527742, 1.5, 28.24839)

[node name="BoxA2" parent="Entities/Boxes" unique_id=295816848 instance=ExtResource("4_10iag")]
transform = Transform3D(1, 0, 0, 0, 1, 0, 0, 0, 1, -2.6945248, 1.5, 28.237526)

[node name="BoxA3" parent="Entities/Boxes" unique_id=501507804 instance=ExtResource("4_10iag")]
transform = Transform3D(1, 0, 0, 0, 1, 0, 0, 0, 1, -3.692149, 1.5, 28.305933)

[node name="BoxA4" parent="Entities/Boxes" unique_id=291389387 instance=ExtResource("4_10iag")]
transform = Transform3D(1, 0, 0, 0, 1, 0, 0, 0, 1, -2.1154182, 1.9096632, 28.235016)

[node name="BoxA5" parent="Entities/Boxes" unique_id=870449974 instance=ExtResource("4_10iag")]
transform = Transform3D(1, 0, 0, 0, 1, 0, 0, 0, 1, -3.316299, 1.9091773, 28.259857)

[node name="BoxA6" parent="Entities/Boxes" unique_id=736573680 instance=ExtResource("4_10iag")]
transform = Transform3D(1, 0, 0, 0, 1, 0, 0, 0, 1, -2.7225158, 2.3164535, 28.214533)

[node name="BoxA7" parent="Entities/Boxes" unique_id=531333991 instance=ExtResource("4_10iag")]
transform = Transform3D(-0.9876938, 0, 0.15640005, 0, 1, 0, -0.15640005, 0, -0.9876938, 18.403769, 1.4355319, 19.057867)

[node name="BoxA8" parent="Entities/Boxes" unique_id=1411976761 instance=ExtResource("4_10iag")]
transform = Transform3D(-0.9876938, 0, 0.15640005, 0, 1, 0, -0.15640005, 0, -0.9876938, 19.39981, 1.4355319, 19.146326)

[node name="BoxA9" parent="Entities/Boxes" unique_id=203240038 instance=ExtResource("4_10iag")]
transform = Transform3D(-0.9876938, 0, 0.15640005, 0, 1, 0, -0.15640005, 0, -0.9876938, 17.831394, 1.845195, 18.969767)

[node name="BoxA10" parent="Entities/Boxes" unique_id=561403571 instance=ExtResource("4_10iag")]
transform = Transform3D(-0.9876938, 0, 0.15640005, 0, 1, 0, -0.15640005, 0, -0.9876938, 19.02138, 1.8447096, 19.133057)

[node name="BoxA11" parent="Entities/Boxes" unique_id=544567375 instance=ExtResource("4_10iag")]
transform = Transform3D(-0.9876938, 0, 0.15640005, 0, 1, 0, -0.15640005, 0, -0.9876938, 18.42782, 2.2519858, 19.084951)

[node name="BoxA12" parent="Entities/Boxes" unique_id=238880234 instance=ExtResource("4_10iag")]
transform = Transform3D(-0.0078189075, 0, 0.9999695, 0, 1, 0, -0.9999695, 0, -0.0078189075, 26.390072, 1.5028996, 30.026886)

[node name="BoxA13" parent="Entities/Boxes" unique_id=356827201 instance=ExtResource("4_10iag")]
transform = Transform3D(-0.0078189075, 0, 0.9999695, 0, 1, 0, -0.9999695, 0, -0.0078189075, 26.386578, 1.5028996, 30.96869)

[node name="BoxA14" parent="Entities/Boxes" unique_id=1963714861 instance=ExtResource("4_10iag")]
transform = Transform3D(-0.0078189075, 0, 0.9999695, 0, 1, 0, -0.9999695, 0, -0.0078189075, 26.462786, 1.5028996, 31.965757)

[node name="BoxA15" parent="Entities/Boxes" unique_id=736482275 instance=ExtResource("4_10iag")]
transform = Transform3D(-0.0078189075, 0, 0.9999695, 0, 1, 0, -0.9999695, 0, -0.0078189075, 26.379545, 1.9125628, 30.389622)

[node name="BoxA16" parent="Entities/Boxes" unique_id=2062302053 instance=ExtResource("4_10iag")]
transform = Transform3D(-0.0078189075, 0, 0.9999695, 0, 1, 0, -0.9999695, 0, -0.0078189075, 26.413765, 1.9120774, 31.590275)

[node name="BoxA17" parent="Entities/Boxes" unique_id=1814494316 instance=ExtResource("4_10iag")]
transform = Transform3D(-0.0078189075, 0, 0.9999695, 0, 1, 0, -0.9999695, 0, -0.0078189075, 26.363808, 2.3193536, 30.99686)

[node name="BoxA18" parent="Entities/Boxes" unique_id=1079131523 instance=ExtResource("4_10iag")]
transform = Transform3D(-0.9876938, 0, 0.15640005, 0, 1, 0, -0.15640005, 0, -0.9876938, 17.4753, 1.4355319, 18.899847)

[node name="BoxA19" parent="Entities/Boxes" unique_id=1372355698 instance=ExtResource("4_10iag")]
transform = Transform3D(-0.9876938, 0, 0.15640005, 0, 1, 0, -0.15640005, 0, -0.9876938, 7.9957705, 1.5082457, 34.014847)

[node name="BoxA20" parent="Entities/Boxes" unique_id=620484222 instance=ExtResource("4_10iag")]
transform = Transform3D(-0.9876938, 0, 0.15640005, 0, 1, 0, -0.15640005, 0, -0.9876938, 8.924234, 1.5082457, 34.172867)

[node name="BoxA21" parent="Entities/Boxes" unique_id=1739073431 instance=ExtResource("4_10iag")]
transform = Transform3D(-0.9876938, 0, 0.15640005, 0, 1, 0, -0.15640005, 0, -0.9876938, 9.920281, 1.5082457, 34.26133)

[node name="BoxA22" parent="Entities/Boxes" unique_id=1161357127 instance=ExtResource("4_10iag")]
transform = Transform3D(-0.9876938, 0, 0.15640005, 0, 1, 0, -0.15640005, 0, -0.9876938, 8.351861, 1.9179089, 34.084778)

[node name="BoxA23" parent="Entities/Boxes" unique_id=1240750896 instance=ExtResource("4_10iag")]
transform = Transform3D(-0.9876938, 0, 0.15640005, 0, 1, 0, -0.15640005, 0, -0.9876938, 9.541849, 1.917423, 34.24806)

[node name="BoxA24" parent="Entities/Boxes" unique_id=178022746 instance=ExtResource("4_10iag")]
transform = Transform3D(-0.9876938, 0, 0.15640005, 0, 1, 0, -0.15640005, 0, -0.9876938, 8.948284, 2.3246992, 34.199955)

[node name="BoxB" parent="Entities/Boxes" unique_id=1614072546 instance=ExtResource("5_m0lky")]
transform = Transform3D(1, 0, 0, 0, 1, 0, 0, 0, 1, -5.5357456, 1.5, 26.876595)

[node name="BoxB2" parent="Entities/Boxes" unique_id=139338580 instance=ExtResource("5_m0lky")]
transform = Transform3D(1, 0, 0, 0, 1, 0, 0, 0, 1, -4.596293, 1.5, 25.442951)

[node name="BoxB3" parent="Entities/Boxes" unique_id=632469689 instance=ExtResource("5_m0lky")]
transform = Transform3D(1, 0, 0, 0, 1, 0, 0, 0, 1, -5.810643, 1.5, 24.107595)

[node name="BoxB4" parent="Entities/Boxes" unique_id=973678130 instance=ExtResource("5_m0lky")]
transform = Transform3D(1, 0, 0, 0, 1, 0, 0, 0, 1, -5.7456183, 1.902417, 24.109743)

[node name="BoxB5" parent="Entities/Boxes" unique_id=586377885 instance=ExtResource("5_m0lky")]
transform = Transform3D(1, 0, 0, 0, 1, 0, 0, 0, 1, -5.612319, 2.3045115, 24.081379)

[node name="BoxB6" parent="Entities/Boxes" unique_id=695072673 instance=ExtResource("5_m0lky")]
transform = Transform3D(1, 0, 0, 0, 1, 0, 0, 0, 1, -5.574111, 2.707055, 24.076967)

[node name="BoxB7" parent="Entities/Boxes" unique_id=36063653 instance=ExtResource("5_m0lky")]
transform = Transform3D(1, 0, 0, 0, 1, 0, 0, 0, 1, -5.5920954, 3.1095314, 24.078735)

[node name="BoxB8" parent="Entities/Boxes" unique_id=1941845637 instance=ExtResource("5_m0lky")]
transform = Transform3D(0.73734814, 0, -0.67551297, 0, 1, 0, 0.67551297, 0, 0.73734814, 18.416365, 1.4672074, 16.172514)

[node name="BoxB9" parent="Entities/Boxes" unique_id=928151149 instance=ExtResource("5_m0lky")]
transform = Transform3D(0.73734814, 0, -0.67551297, 0, 1, 0, 0.67551297, 0, 0.73734814, 18.2968, 1.8696246, 16.218021)

[node name="BoxB10" parent="Entities/Boxes" unique_id=789192391 instance=ExtResource("5_m0lky")]
transform = Transform3D(0.73734814, 0, -0.67551297, 0, 1, 0, 0.67551297, 0, 0.73734814, 18.222162, 2.271719, 16.287153)

[node name="BoxB11" parent="Entities/Boxes" unique_id=259177479 instance=ExtResource("5_m0lky")]
transform = Transform3D(0.73734814, 0, -0.67551297, 0, 1, 0, 0.67551297, 0, 0.73734814, 18.218832, 2.6742625, 16.309708)

[node name="BoxB12" parent="Entities/Boxes" unique_id=204779321 instance=ExtResource("5_m0lky")]
transform = Transform3D(0.73734814, 0, -0.67551297, 0, 1, 0, 0.67551297, 0, 0.73734814, 18.208765, 3.0767388, 16.298866)

[node name="BoxB13" parent="Entities/Boxes" unique_id=1148911880 instance=ExtResource("5_m0lky")]
transform = Transform3D(-0.9876938, 0, 0.15640005, 0, 1, 0, -0.15640005, 0, -0.9876938, 20.99717, 1.4355319, 20.846415)

[node name="BoxB14" parent="Entities/Boxes" unique_id=830504291 instance=ExtResource("5_m0lky")]
transform = Transform3D(-0.9876938, 0, 0.15640005, 0, 1, 0, -0.15640005, 0, -0.9876938, 19.845062, 1.4355319, 22.11548)

[node name="BoxB15" parent="Entities/Boxes" unique_id=180829114 instance=ExtResource("5_m0lky")]
transform = Transform3D(-0.9876938, 0, 0.15640005, 0, 1, 0, -0.15640005, 0, -0.9876938, 20.83562, 1.4355319, 23.62433)

[node name="BoxB16" parent="Entities/Boxes" unique_id=416724722 instance=ExtResource("5_m0lky")]
transform = Transform3D(-0.9876938, 0, 0.15640005, 0, 1, 0, -0.15640005, 0, -0.9876938, 20.828411, 1.837949, 23.612045)

[node name="BoxB17" parent="Entities/Boxes" unique_id=1029793057 instance=ExtResource("5_m0lky")]
transform = Transform3D(-0.9876938, 0, 0.15640005, 0, 1, 0, -0.15640005, 0, -0.9876938, 20.846767, 2.2400439, 23.619211)

[node name="BoxB18" parent="Entities/Boxes" unique_id=169874122 instance=ExtResource("5_m0lky")]
transform = Transform3D(-0.9876938, 0, 0.15640005, 0, 1, 0, -0.15640005, 0, -0.9876938, 20.834822, 2.642587, 23.617592)

[node name="BoxB19" parent="Entities/Boxes" unique_id=1879439437 instance=ExtResource("5_m0lky")]
transform = Transform3D(-0.9876938, 0, 0.15640005, 0, 1, 0, -0.15640005, 0, -0.9876938, 20.854687, 3.0450633, 23.618658)

[node name="BoxB20" parent="Entities/Boxes" unique_id=1184275664 instance=ExtResource("5_m0lky")]
transform = Transform3D(0.73734814, 0, -0.67551297, 0, 1, 0, 0.67551297, 0, 0.73734814, 8.8877325, 1.5399213, 31.287518)

[node name="BoxB21" parent="Entities/Boxes" unique_id=665434529 instance=ExtResource("5_m0lky")]
transform = Transform3D(0.73734814, 0, -0.67551297, 0, 1, 0, 0.67551297, 0, 0.73734814, 8.934231, 1.9423385, 31.333025)

[node name="BoxB22" parent="Entities/Boxes" unique_id=158596873 instance=ExtResource("5_m0lky")]
transform = Transform3D(0.73734814, 0, -0.67551297, 0, 1, 0, 0.67551297, 0, 0.73734814, 9.051678, 2.3444328, 31.402157)

[node name="BoxB23" parent="Entities/Boxes" unique_id=114250679 instance=ExtResource("5_m0lky")]
transform = Transform3D(0.73734814, 0, -0.67551297, 0, 1, 0, 0.67551297, 0, 0.73734814, 9.082832, 2.7469764, 31.424713)

[node name="BoxB24" parent="Entities/Boxes" unique_id=541208487 instance=ExtResource("5_m0lky")]
transform = Transform3D(0.73734814, 0, -0.67551297, 0, 1, 0, 0.67551297, 0, 0.73734814, 9.068375, 3.1494527, 31.41387)

[node name="BoxB25" parent="Entities/Boxes" unique_id=1023333944 instance=ExtResource("5_m0lky")]
transform = Transform3D(-0.9876938, 0, 0.15640005, 0, 1, 0, -0.15640005, 0, -0.9876938, 11.51764, 1.5082457, 35.96142)

[node name="BoxB26" parent="Entities/Boxes" unique_id=1878371551 instance=ExtResource("5_m0lky")]
transform = Transform3D(-0.9876938, 0, 0.15640005, 0, 1, 0, -0.15640005, 0, -0.9876938, 10.365527, 1.5082457, 37.23049)

[node name="BoxB27" parent="Entities/Boxes" unique_id=826758771 instance=ExtResource("5_m0lky")]
transform = Transform3D(-0.9876938, 0, 0.15640005, 0, 1, 0, -0.15640005, 0, -0.9876938, 11.356084, 1.5082457, 38.739338)

[node name="BoxB28" parent="Entities/Boxes" unique_id=1464231377 instance=ExtResource("5_m0lky")]
transform = Transform3D(-0.9876938, 0, 0.15640005, 0, 1, 0, -0.15640005, 0, -0.9876938, 11.357091, 1.9106624, 38.727043)

[node name="BoxB29" parent="Entities/Boxes" unique_id=1385866632 instance=ExtResource("5_m0lky")]
transform = Transform3D(-0.9876938, 0, 0.15640005, 0, 1, 0, -0.15640005, 0, -0.9876938, 11.347333, 2.3127573, 38.734215)

[node name="BoxB30" parent="Entities/Boxes" unique_id=470290573 instance=ExtResource("5_m0lky")]
transform = Transform3D(-0.9876938, 0, 0.15640005, 0, 1, 0, -0.15640005, 0, -0.9876938, 11.334779, 2.7153008, 38.732594)

[node name="BoxB31" parent="Entities/Boxes" unique_id=501775085 instance=ExtResource("5_m0lky")]
transform = Transform3D(-0.9876938, 0, 0.15640005, 0, 1, 0, -0.15640005, 0, -0.9876938, 11.326055, 3.117777, 38.73366)

[node name="BoxB32" parent="Entities/Boxes" unique_id=1277623564 instance=ExtResource("5_m0lky")]
transform = Transform3D(-0.8339244, 0, 0.5518787, 0, 1, 0, -0.5518787, 0, -0.8339244, -2.019203, 1.5316756, 31.051891)

[node name="BoxB33" parent="Entities/Boxes" unique_id=1222167052 instance=ExtResource("5_m0lky")]
transform = Transform3D(-0.8339244, 0, 0.5518787, 0, 1, 0, -0.5518787, 0, -0.8339244, -2.0722458, 1.9340928, 31.014217)

[node name="BoxB34" parent="Entities/Boxes" unique_id=295559216 instance=ExtResource("5_m0lky")]
transform = Transform3D(-0.8339244, 0, 0.5518787, 0, 1, 0, -0.5518787, 0, -0.8339244, -2.1990597, 2.3361871, 30.964304)

[node name="BoxB35" parent="Entities/Boxes" unique_id=213552133 instance=ExtResource("5_m0lky")]
transform = Transform3D(-0.8339244, 0, 0.5518787, 0, 1, 0, -0.5518787, 0, -0.8339244, -2.233358, 2.7387307, 30.9469)

[node name="BoxB36" parent="Entities/Boxes" unique_id=929083318 instance=ExtResource("5_m0lky")]
transform = Transform3D(-0.8339244, 0, 0.5518787, 0, 1, 0, -0.5518787, 0, -0.8339244, -2.2173836, 3.141207, 30.955347)

[node name="Cans" type="Node" parent="Entities" unique_id=2001308921]

[node name="TinCan" parent="Entities/Cans" unique_id=530266267 instance=ExtResource("6_fi3w8")]
transform = Transform3D(1, 0, 0, 0, 1, 0, 0, 0, 1, -3.7453828, 1.5, 29.199253)

[node name="TinCan2" parent="Entities/Cans" unique_id=1693250680 instance=ExtResource("6_fi3w8")]
transform = Transform3D(1, 0, 0, 0, 1, 0, 0, 0, 1, -0.39213443, 1.5000005, 17.380194)

[node name="TinCan3" parent="Entities/Cans" unique_id=629479464 instance=ExtResource("6_fi3w8")]
transform = Transform3D(1, 0, 0, 0, 1, 0, 0, 0, 1, 4.2815247, 1.5000005, 36.90885)

[node name="Doors" type="Node" parent="Entities" unique_id=953648525]

[node name="DoorUnlocked" parent="Entities/Doors" unique_id=755287005 instance=ExtResource("7_ilnhb")]
transform = Transform3D(-4.371139e-08, 0, 1, 0, 1, 0, -1, 0, -4.371139e-08, 7.012454, 1.0157856, 27.774612)

[node name="DoorLocked" parent="Entities/Doors" unique_id=1289784629 instance=ExtResource("8_70wx5")]
transform = Transform3D(1, 0, 0, 0, 1, 0, 0, 0, 1, 12.20506, 1.0010148, 12.996999)

[node name="Target" type="Node" parent="Entities" unique_id=2143991332]

[node name="Bullseye" parent="Entities/Target" unique_id=1193543966 node_paths=PackedStringArray("trigger_entity") instance=ExtResource("9_o142x")]
transform = Transform3D(-4.3711392e-08, 0, -1.0000001, 0, 1, 0, 1.0000001, 0, -4.3711392e-08, 26.884, 2.0478163, 30.91331)
trigger_entity = NodePath("../../Doors/DoorLocked")
